return {
-- Table: {1}
{
   {2},
   {3},
   {4},
   {5},
   {6},
   {7},
   {8},
   {9},
   {10},
   {11},
   {12},
   {13},
   {14},
   {15},
   {16},
   {17},
   {18},
   {19},
   {20},
   {21},
   {22},
   {23},
   {24},
   {25},
   {26},
   {27},
   {28},
   {29},
   {30},
   {31},
   {32},
   {33},
   {34},
   {35},
   {36},
   {37},
   {38},
   {39},
   {40},
   {41},
   {42},
   {43},
   {44},
   {45},
   {46},
   {47},
   {48},
   {49},
   {50},
   {51},
   {52},
   {53},
   {54},
   {55},
   {56},
   {57},
   {58},
   {59},
   {60},
   {61},
   {62},
   {63},
   {64},
   {65},
   {66},
   {67},
   {68},
   {69},
   {70},
   {71},
   {72},
   {73},
   {74},
   {75},
   {76},
   {77},
   {78},
   {79},
   {80},
   {81},
   {82},
   {83},
   {84},
   {85},
   {86},
   {87},
   {88},
   {89},
   {90},
   {91},
   {92},
   {93},
   {94},
   {95},
   {96},
   {97},
   {98},
   {99},
   {100},
   {101},
   {102},
   {103},
   {104},
   {105},
   {106},
   {107},
   {108},
   {109},
   {110},
   {111},
   {112},
   {113},
   {114},
   {115},
   {116},
   {117},
   {118},
   {119},
   {120},
   {121},
   {122},
   {123},
   {124},
   {125},
   {126},
   {127},
   {128},
   {129},
   [0]={130},
},
-- Table: {2}
{
   25,
   20,
   16,
   12,
   8,
   4,
   0,
   4,
   8,
   12,
   16,
   19,
   23,
   26,
   29,
   32,
   35,
   38,
   40,
   43,
   45,
   47,
   49,
   50,
   52,
   53,
   54,
   55,
   56,
   56,
   56,
   56,
   56,
   56,
   55,
   54,
   53,
   52,
   50,
   49,
   47,
   45,
   43,
   40,
   38,
   35,
   32,
   29,
   26,
   23,
   19,
   16,
   12,
   8,
   4,
   0,
   4,
   8,
   12,
   16,
   20,
   25,
   29,
   33,
   [0]=29,
},
-- Table: {3}
{
   22,
   18,
   14,
   10,
   5,
   1,
   3,
   7,
   10,
   14,
   18,
   21,
   25,
   28,
   31,
   34,
   37,
   40,
   43,
   45,
   47,
   49,
   51,
   53,
   54,
   55,
   56,
   57,
   58,
   58,
   59,
   59,
   58,
   58,
   57,
   56,
   55,
   54,
   53,
   51,
   49,
   47,
   45,
   43,
   40,
   37,
   34,
   31,
   28,
   25,
   21,
   18,
   14,
   10,
   7,
   3,
   1,
   5,
   10,
   14,
   18,
   22,
   26,
   31,
   [0]=26,
},
-- Table: {4}
{
   20,
   16,
   11,
   7,
   3,
   1,
   5,
   9,
   13,
   17,
   20,
   24,
   27,
   31,
   34,
   37,
   40,
   42,
   45,
   47,
   50,
   52,
   53,
   55,
   57,
   58,
   59,
   60,
   60,
   61,
   61,
   61,
   61,
   60,
   60,
   59,
   58,
   57,
   55,
   53,
   52,
   50,
   47,
   45,
   42,
   40,
   37,
   34,
   31,
   27,
   24,
   20,
   17,
   13,
   9,
   5,
   1,
   3,
   7,
   11,
   16,
   20,
   24,
   28,
   [0]=24,
},
-- Table: {5}
{
   17,
   13,
   9,
   5,
   1,
   3,
   7,
   11,
   15,
   19,
   23,
   26,
   30,
   33,
   36,
   39,
   42,
   45,
   47,
   50,
   52,
   54,
   56,
   58,
   59,
   60,
   61,
   62,
   63,
   63,
   63,
   63,
   63,
   63,
   62,
   61,
   60,
   59,
   58,
   56,
   54,
   52,
   50,
   47,
   45,
   42,
   39,
   36,
   33,
   30,
   26,
   23,
   19,
   15,
   11,
   7,
   3,
   1,
   5,
   9,
   13,
   17,
   22,
   26,
   [0]=22,
},
-- Table: {6}
{
   15,
   11,
   7,
   2,
   2,
   6,
   10,
   14,
   18,
   21,
   25,
   29,
   32,
   35,
   39,
   42,
   45,
   47,
   50,
   52,
   54,
   56,
   58,
   60,
   61,
   63,
   64,
   65,
   65,
   66,
   66,
   66,
   66,
   65,
   65,
   64,
   63,
   61,
   60,
   58,
   56,
   54,
   52,
   50,
   47,
   45,
   42,
   39,
   35,
   32,
   29,
   25,
   21,
   18,
   14,
   10,
   6,
   2,
   2,
   7,
   11,
   15,
   19,
   23,
   [0]=19,
},
-- Table: {7}
{
   12,
   8,
   4,
   0,
   4,
   8,
   12,
   16,
   20,
   24,
   28,
   31,
   35,
   38,
   41,
   44,
   47,
   50,
   52,
   55,
   57,
   59,
   61,
   62,
   64,
   65,
   66,
   67,
   68,
   68,
   68,
   68,
   68,
   68,
   67,
   66,
   65,
   64,
   62,
   61,
   59,
   57,
   55,
   52,
   50,
   47,
   44,
   41,
   38,
   35,
   31,
   28,
   24,
   20,
   16,
   12,
   8,
   4,
   0,
   4,
   8,
   12,
   17,
   21,
   [0]=17,
},
-- Table: {8}
{
   10,
   6,
   2,
   3,
   7,
   11,
   15,
   19,
   23,
   26,
   30,
   34,
   37,
   40,
   44,
   47,
   49,
   52,
   55,
   57,
   59,
   61,
   63,
   65,
   66,
   68,
   69,
   69,
   70,
   71,
   71,
   71,
   71,
   70,
   69,
   69,
   68,
   66,
   65,
   63,
   61,
   59,
   57,
   55,
   52,
   49,
   47,
   44,
   40,
   37,
   34,
   30,
   26,
   23,
   19,
   15,
   11,
   7,
   3,
   2,
   6,
   10,
   14,
   18,
   [0]=14,
},
-- Table: {9}
{
   8,
   3,
   1,
   5,
   9,
   13,
   17,
   21,
   25,
   29,
   33,
   36,
   40,
   43,
   46,
   49,
   52,
   55,
   57,
   60,
   62,
   64,
   66,
   67,
   69,
   70,
   71,
   72,
   73,
   73,
   73,
   73,
   73,
   73,
   72,
   71,
   70,
   69,
   67,
   66,
   64,
   62,
   60,
   57,
   55,
   52,
   49,
   46,
   43,
   40,
   36,
   33,
   29,
   25,
   21,
   17,
   13,
   9,
   5,
   1,
   3,
   8,
   12,
   16,
   [0]=12,
},
-- Table: {10}
{
   5,
   1,
   3,
   8,
   12,
   16,
   20,
   24,
   28,
   31,
   35,
   39,
   42,
   45,
   49,
   52,
   54,
   57,
   60,
   62,
   64,
   66,
   68,
   70,
   71,
   73,
   74,
   74,
   75,
   75,
   76,
   76,
   75,
   75,
   74,
   74,
   73,
   71,
   70,
   68,
   66,
   64,
   62,
   60,
   57,
   54,
   52,
   49,
   45,
   42,
   39,
   35,
   31,
   28,
   24,
   20,
   16,
   12,
   8,
   3,
   1,
   5,
   9,
   14,
   [0]=9,
},
-- Table: {11}
{
   3,
   2,
   6,
   10,
   14,
   18,
   22,
   26,
   30,
   34,
   38,
   41,
   45,
   48,
   51,
   54,
   57,
   60,
   62,
   65,
   67,
   69,
   71,
   72,
   74,
   75,
   76,
   77,
   78,
   78,
   78,
   78,
   78,
   78,
   77,
   76,
   75,
   74,
   72,
   71,
   69,
   67,
   65,
   62,
   60,
   57,
   54,
   51,
   48,
   45,
   41,
   38,
   34,
   30,
   26,
   22,
   18,
   14,
   10,
   6,
   2,
   3,
   7,
   11,
   [0]=7,
},
-- Table: {12}
{
   0,
   4,
   8,
   13,
   17,
   21,
   25,
   29,
   33,
   36,
   40,
   44,
   47,
   50,
   54,
   57,
   59,
   62,
   65,
   67,
   69,
   71,
   73,
   75,
   76,
   78,
   79,
   79,
   80,
   80,
   81,
   81,
   80,
   80,
   79,
   79,
   78,
   76,
   75,
   73,
   71,
   69,
   67,
   65,
   62,
   59,
   57,
   54,
   50,
   47,
   44,
   40,
   36,
   33,
   29,
   25,
   21,
   17,
   13,
   8,
   4,
   0,
   4,
   9,
   [0]=4,
},
-- Table: {13}
{
   2,
   7,
   11,
   15,
   19,
   23,
   27,
   31,
   35,
   39,
   43,
   46,
   50,
   53,
   56,
   59,
   62,
   65,
   67,
   70,
   72,
   74,
   76,
   77,
   79,
   80,
   81,
   82,
   83,
   83,
   83,
   83,
   83,
   83,
   82,
   81,
   80,
   79,
   77,
   76,
   74,
   72,
   70,
   67,
   65,
   62,
   59,
   56,
   53,
   50,
   46,
   43,
   39,
   35,
   31,
   27,
   23,
   19,
   15,
   11,
   7,
   2,
   2,
   6,
   [0]=2,
},
-- Table: {14}
{
   5,
   9,
   13,
   18,
   22,
   26,
   30,
   34,
   38,
   41,
   45,
   49,
   52,
   55,
   59,
   62,
   64,
   67,
   70,
   72,
   74,
   76,
   78,
   80,
   81,
   83,
   84,
   84,
   85,
   86,
   86,
   86,
   86,
   85,
   84,
   84,
   83,
   81,
   80,
   78,
   76,
   74,
   72,
   70,
   67,
   64,
   62,
   59,
   55,
   52,
   49,
   45,
   41,
   38,
   34,
   30,
   26,
   22,
   18,
   13,
   9,
   5,
   1,
   3,
   [0]=1,
},
-- Table: {15}
{
   8,
   12,
   16,
   20,
   24,
   28,
   32,
   36,
   40,
   44,
   48,
   51,
   55,
   58,
   61,
   64,
   67,
   70,
   72,
   75,
   77,
   79,
   81,
   82,
   84,
   85,
   86,
   87,
   88,
   88,
   88,
   88,
   88,
   88,
   87,
   86,
   85,
   84,
   82,
   81,
   79,
   77,
   75,
   72,
   70,
   67,
   64,
   61,
   58,
   55,
   51,
   48,
   44,
   40,
   36,
   32,
   28,
   24,
   20,
   16,
   12,
   8,
   3,
   1,
   [0]=3,
},
-- Table: {16}
{
   10,
   14,
   18,
   23,
   27,
   31,
   35,
   39,
   43,
   46,
   50,
   54,
   57,
   60,
   64,
   67,
   70,
   72,
   75,
   77,
   79,
   81,
   83,
   85,
   86,
   88,
   89,
   89,
   90,
   91,
   91,
   91,
   91,
   90,
   89,
   89,
   88,
   86,
   85,
   83,
   81,
   79,
   77,
   75,
   72,
   70,
   67,
   64,
   60,
   57,
   54,
   50,
   46,
   43,
   39,
   35,
   31,
   27,
   23,
   18,
   14,
   10,
   6,
   2,
   [0]=6,
},
-- Table: {17}
{
   13,
   17,
   21,
   25,
   29,
   33,
   37,
   41,
   45,
   49,
   53,
   56,
   60,
   63,
   66,
   69,
   72,
   75,
   77,
   80,
   82,
   84,
   86,
   87,
   89,
   90,
   91,
   92,
   93,
   93,
   93,
   93,
   93,
   93,
   92,
   91,
   90,
   89,
   87,
   86,
   84,
   82,
   80,
   77,
   75,
   72,
   69,
   66,
   63,
   60,
   56,
   53,
   49,
   45,
   41,
   37,
   33,
   29,
   25,
   21,
   17,
   13,
   8,
   4,
   [0]=8,
},
-- Table: {18}
{
   15,
   19,
   23,
   28,
   32,
   36,
   40,
   44,
   48,
   51,
   55,
   59,
   62,
   65,
   69,
   72,
   75,
   77,
   80,
   82,
   84,
   86,
   88,
   90,
   91,
   93,
   94,
   94,
   95,
   96,
   96,
   96,
   96,
   95,
   94,
   94,
   93,
   91,
   90,
   88,
   86,
   84,
   82,
   80,
   77,
   75,
   72,
   69,
   65,
   62,
   59,
   55,
   51,
   48,
   44,
   40,
   36,
   32,
   28,
   23,
   19,
   15,
   11,
   7,
   [0]=11,
},
-- Table: {19}
{
   17,
   22,
   26,
   30,
   34,
   38,
   42,
   46,
   50,
   54,
   58,
   61,
   65,
   68,
   71,
   74,
   77,
   80,
   82,
   85,
   87,
   89,
   91,
   92,
   94,
   95,
   96,
   97,
   98,
   98,
   98,
   98,
   98,
   98,
   97,
   96,
   95,
   94,
   92,
   91,
   89,
   87,
   85,
   82,
   80,
   77,
   74,
   71,
   68,
   65,
   61,
   58,
   54,
   50,
   46,
   42,
   38,
   34,
   30,
   26,
   22,
   17,
   13,
   9,
   [0]=13,
},
-- Table: {20}
{
   20,
   24,
   28,
   33,
   37,
   41,
   45,
   49,
   53,
   56,
   60,
   64,
   67,
   70,
   74,
   77,
   79,
   82,
   85,
   87,
   89,
   91,
   93,
   95,
   96,
   98,
   99,
   99,
   100,
   100,
   101,
   101,
   100,
   100,
   99,
   99,
   98,
   96,
   95,
   93,
   91,
   89,
   87,
   85,
   82,
   79,
   77,
   74,
   70,
   67,
   64,
   60,
   56,
   53,
   49,
   45,
   41,
   37,
   33,
   28,
   24,
   20,
   16,
   11,
   [0]=16,
},
-- Table: {21}
{
   22,
   27,
   31,
   35,
   39,
   43,
   47,
   51,
   55,
   59,
   62,
   66,
   69,
   73,
   76,
   79,
   82,
   85,
   87,
   90,
   92,
   94,
   96,
   97,
   99,
   100,
   101,
   102,
   103,
   103,
   103,
   103,
   103,
   103,
   102,
   101,
   100,
   99,
   97,
   96,
   94,
   92,
   90,
   87,
   85,
   82,
   79,
   76,
   73,
   69,
   66,
   62,
   59,
   55,
   51,
   47,
   43,
   39,
   35,
   31,
   27,
   22,
   18,
   14,
   [0]=18,
},
-- Table: {22}
{
   25,
   29,
   33,
   37,
   42,
   46,
   50,
   54,
   57,
   61,
   65,
   68,
   72,
   75,
   78,
   81,
   84,
   87,
   90,
   92,
   94,
   96,
   98,
   100,
   101,
   102,
   103,
   104,
   105,
   105,
   106,
   106,
   105,
   105,
   104,
   103,
   102,
   101,
   100,
   98,
   96,
   94,
   92,
   90,
   87,
   84,
   81,
   78,
   75,
   72,
   68,
   65,
   61,
   57,
   54,
   50,
   46,
   42,
   37,
   33,
   29,
   25,
   21,
   16,
   [0]=21,
},
-- Table: {23}
{
   27,
   31,
   36,
   40,
   44,
   48,
   52,
   56,
   60,
   64,
   67,
   71,
   74,
   78,
   81,
   84,
   87,
   89,
   92,
   94,
   97,
   99,
   101,
   102,
   104,
   105,
   106,
   107,
   107,
   108,
   108,
   108,
   108,
   107,
   107,
   106,
   105,
   104,
   102,
   101,
   99,
   97,
   94,
   92,
   89,
   87,
   84,
   81,
   78,
   74,
   71,
   67,
   64,
   60,
   56,
   52,
   48,
   44,
   40,
   36,
   31,
   27,
   23,
   19,
   [0]=23,
},
-- Table: {24}
{
   30,
   34,
   38,
   42,
   46,
   50,
   54,
   58,
   62,
   66,
   70,
   73,
   77,
   80,
   83,
   86,
   89,
   92,
   94,
   97,
   99,
   101,
   103,
   105,
   106,
   107,
   108,
   109,
   110,
   110,
   110,
   110,
   110,
   110,
   109,
   108,
   107,
   106,
   105,
   103,
   101,
   99,
   97,
   94,
   92,
   89,
   86,
   83,
   80,
   77,
   73,
   70,
   66,
   62,
   58,
   54,
   50,
   46,
   42,
   38,
   34,
   30,
   25,
   21,
   [0]=25,
},
-- Table: {25}
{
   32,
   36,
   40,
   45,
   49,
   53,
   57,
   61,
   65,
   68,
   72,
   76,
   79,
   82,
   86,
   89,
   92,
   94,
   97,
   99,
   101,
   103,
   105,
   107,
   108,
   110,
   111,
   111,
   112,
   113,
   113,
   113,
   113,
   112,
   111,
   111,
   110,
   108,
   107,
   105,
   103,
   101,
   99,
   97,
   94,
   92,
   89,
   86,
   82,
   79,
   76,
   72,
   68,
   65,
   61,
   57,
   53,
   49,
   45,
   40,
   36,
   32,
   28,
   24,
   [0]=28,
},
-- Table: {26}
{
   34,
   39,
   43,
   47,
   51,
   55,
   59,
   63,
   67,
   71,
   74,
   78,
   81,
   85,
   88,
   91,
   94,
   97,
   99,
   102,
   104,
   106,
   108,
   109,
   111,
   112,
   113,
   114,
   114,
   115,
   115,
   115,
   115,
   114,
   114,
   113,
   112,
   111,
   109,
   108,
   106,
   104,
   102,
   99,
   97,
   94,
   91,
   88,
   85,
   81,
   78,
   74,
   71,
   67,
   63,
   59,
   55,
   51,
   47,
   43,
   39,
   34,
   30,
   26,
   [0]=30,
},
-- Table: {27}
{
   37,
   41,
   45,
   49,
   53,
   57,
   61,
   65,
   69,
   73,
   77,
   80,
   84,
   87,
   90,
   93,
   96,
   99,
   101,
   104,
   106,
   108,
   110,
   112,
   113,
   114,
   115,
   116,
   117,
   117,
   117,
   117,
   117,
   117,
   116,
   115,
   114,
   113,
   112,
   110,
   108,
   106,
   104,
   101,
   99,
   96,
   93,
   90,
   87,
   84,
   80,
   77,
   73,
   69,
   65,
   61,
   57,
   53,
   49,
   45,
   41,
   37,
   32,
   28,
   [0]=32,
},
-- Table: {28}
{
   39,
   43,
   47,
   52,
   56,
   60,
   64,
   68,
   72,
   75,
   79,
   83,
   86,
   89,
   93,
   96,
   98,
   101,
   104,
   106,
   108,
   110,
   112,
   114,
   115,
   117,
   118,
   118,
   119,
   119,
   120,
   120,
   119,
   119,
   118,
   118,
   117,
   115,
   114,
   112,
   110,
   108,
   106,
   104,
   101,
   98,
   96,
   93,
   89,
   86,
   83,
   79,
   75,
   72,
   68,
   64,
   60,
   56,
   52,
   47,
   43,
   39,
   35,
   30,
   [0]=35,
},
-- Table: {29}
{
   41,
   45,
   50,
   54,
   58,
   62,
   66,
   70,
   74,
   78,
   81,
   85,
   88,
   92,
   95,
   98,
   101,
   103,
   106,
   108,
   111,
   113,
   114,
   116,
   118,
   119,
   120,
   121,
   121,
   122,
   122,
   122,
   122,
   121,
   121,
   120,
   119,
   118,
   116,
   114,
   113,
   111,
   108,
   106,
   103,
   101,
   98,
   95,
   92,
   88,
   85,
   81,
   78,
   74,
   70,
   66,
   62,
   58,
   54,
   50,
   45,
   41,
   37,
   33,
   [0]=37,
},
-- Table: {30}
{
   43,
   48,
   52,
   56,
   60,
   64,
   68,
   72,
   76,
   80,
   83,
   87,
   90,
   94,
   97,
   100,
   103,
   106,
   108,
   111,
   113,
   115,
   117,
   118,
   120,
   121,
   122,
   123,
   123,
   124,
   124,
   124,
   124,
   123,
   123,
   122,
   121,
   120,
   118,
   117,
   115,
   113,
   111,
   108,
   106,
   103,
   100,
   97,
   94,
   90,
   87,
   83,
   80,
   76,
   72,
   68,
   64,
   60,
   56,
   52,
   48,
   43,
   39,
   35,
   [0]=39,
},
-- Table: {31}
{
   46,
   50,
   54,
   58,
   62,
   66,
   70,
   74,
   78,
   82,
   86,
   89,
   93,
   96,
   99,
   102,
   105,
   108,
   110,
   113,
   115,
   117,
   119,
   120,
   122,
   123,
   124,
   125,
   126,
   126,
   126,
   126,
   126,
   126,
   125,
   124,
   123,
   122,
   120,
   119,
   117,
   115,
   113,
   110,
   108,
   105,
   102,
   99,
   96,
   93,
   89,
   86,
   82,
   78,
   74,
   70,
   66,
   62,
   58,
   54,
   50,
   46,
   41,
   37,
   [0]=41,
},
-- Table: {32}
{
   48,
   52,
   56,
   60,
   64,
   68,
   72,
   76,
   80,
   84,
   88,
   91,
   95,
   98,
   101,
   104,
   107,
   110,
   112,
   115,
   117,
   119,
   121,
   123,
   124,
   125,
   126,
   127,
   127,
   127,
   127,
   127,
   127,
   127,
   127,
   126,
   125,
   124,
   123,
   121,
   119,
   117,
   115,
   112,
   110,
   107,
   104,
   101,
   98,
   95,
   91,
   88,
   84,
   80,
   76,
   72,
   68,
   64,
   60,
   56,
   52,
   48,
   43,
   39,
   [0]=43,
},
-- Table: {33}
{
   50,
   54,
   58,
   62,
   66,
   71,
   75,
   79,
   82,
   86,
   90,
   93,
   97,
   100,
   103,
   106,
   109,
   112,
   115,
   117,
   119,
   121,
   123,
   125,
   126,
   127,
   127,
   127,
   127,
   127,
   127,
   127,
   127,
   127,
   127,
   127,
   127,
   126,
   125,
   123,
   121,
   119,
   117,
   115,
   112,
   109,
   106,
   103,
   100,
   97,
   93,
   90,
   86,
   82,
   79,
   75,
   71,
   66,
   62,
   58,
   54,
   50,
   46,
   41,
   [0]=46,
},
-- Table: {34}
{
   52,
   56,
   60,
   64,
   69,
   73,
   77,
   81,
   84,
   88,
   92,
   95,
   99,
   102,
   105,
   108,
   111,
   114,
   117,
   119,
   121,
   123,
   125,
   127,
   127,
   127,
   127,
   127,
   127,
   127,
   127,
   127,
   127,
   127,
   127,
   127,
   127,
   127,
   127,
   125,
   123,
   121,
   119,
   117,
   114,
   111,
   108,
   105,
   102,
   99,
   95,
   92,
   88,
   84,
   81,
   77,
   73,
   69,
   64,
   60,
   56,
   52,
   48,
   43,
   [0]=48,
},
-- Table: {35}
{
   54,
   58,
   62,
   66,
   70,
   75,
   79,
   83,
   86,
   90,
   94,
   97,
   101,
   104,
   107,
   110,
   113,
   116,
   119,
   121,
   123,
   125,
   127,
   127,
   127,
   127,
   127,
   127,
   127,
   127,
   127,
   127,
   127,
   127,
   127,
   127,
   127,
   127,
   127,
   127,
   125,
   123,
   121,
   119,
   116,
   113,
   110,
   107,
   104,
   101,
   97,
   94,
   90,
   86,
   83,
   79,
   75,
   70,
   66,
   62,
   58,
   54,
   50,
   45,
   [0]=50,
},
-- Table: {36}
{
   56,
   60,
   64,
   68,
   72,
   77,
   81,
   84,
   88,
   92,
   96,
   99,
   103,
   106,
   109,
   112,
   115,
   118,
   120,
   123,
   125,
   127,
   127,
   127,
   127,
   127,
   127,
   127,
   127,
   127,
   127,
   127,
   127,
   127,
   127,
   127,
   127,
   127,
   127,
   127,
   127,
   125,
   123,
   120,
   118,
   115,
   112,
   109,
   106,
   103,
   99,
   96,
   92,
   88,
   84,
   81,
   77,
   72,
   68,
   64,
   60,
   56,
   51,
   47,
   [0]=51,
},
-- Table: {37}
{
   58,
   62,
   66,
   70,
   74,
   78,
   82,
   86,
   90,
   94,
   98,
   101,
   105,
   108,
   111,
   114,
   117,
   120,
   122,
   125,
   127,
   127,
   127,
   127,
   127,
   127,
   127,
   127,
   127,
   127,
   127,
   127,
   127,
   127,
   127,
   127,
   127,
   127,
   127,
   127,
   127,
   127,
   125,
   122,
   120,
   117,
   114,
   111,
   108,
   105,
   101,
   98,
   94,
   90,
   86,
   82,
   78,
   74,
   70,
   66,
   62,
   58,
   53,
   49,
   [0]=53,
},
-- Table: {38}
{
   59,
   64,
   68,
   72,
   76,
   80,
   84,
   88,
   92,
   96,
   99,
   103,
   106,
   110,
   113,
   116,
   119,
   122,
   124,
   127,
   127,
   127,
   127,
   127,
   127,
   127,
   127,
   127,
   127,
   127,
   127,
   127,
   127,
   127,
   127,
   127,
   127,
   127,
   127,
   127,
   127,
   127,
   127,
   124,
   122,
   119,
   116,
   113,
   110,
   106,
   103,
   99,
   96,
   92,
   88,
   84,
   80,
   76,
   72,
   68,
   64,
   59,
   55,
   51,
   [0]=55,
},
-- Table: {39}
{
   61,
   65,
   70,
   74,
   78,
   82,
   86,
   90,
   94,
   98,
   101,
   105,
   108,
   112,
   115,
   118,
   121,
   123,
   126,
   127,
   127,
   127,
   127,
   127,
   127,
   127,
   127,
   127,
   127,
   127,
   127,
   127,
   127,
   127,
   127,
   127,
   127,
   127,
   127,
   127,
   127,
   127,
   127,
   126,
   123,
   121,
   118,
   115,
   112,
   108,
   105,
   101,
   98,
   94,
   90,
   86,
   82,
   78,
   74,
   70,
   65,
   61,
   57,
   53,
   [0]=57,
},
-- Table: {40}
{
   63,
   67,
   71,
   76,
   80,
   84,
   88,
   92,
   96,
   99,
   103,
   107,
   110,
   113,
   116,
   120,
   122,
   125,
   127,
   127,
   127,
   127,
   127,
   127,
   127,
   127,
   127,
   127,
   127,
   127,
   127,
   127,
   127,
   127,
   127,
   127,
   127,
   127,
   127,
   127,
   127,
   127,
   127,
   127,
   125,
   122,
   120,
   116,
   113,
   110,
   107,
   103,
   99,
   96,
   92,
   88,
   84,
   80,
   76,
   71,
   67,
   63,
   59,
   54,
   [0]=59,
},
-- Table: {41}
{
   65,
   69,
   73,
   77,
   81,
   85,
   89,
   93,
   97,
   101,
   105,
   108,
   112,
   115,
   118,
   121,
   124,
   127,
   127,
   127,
   127,
   127,
   127,
   127,
   127,
   127,
   127,
   127,
   127,
   127,
   127,
   127,
   127,
   127,
   127,
   127,
   127,
   127,
   127,
   127,
   127,
   127,
   127,
   127,
   127,
   124,
   121,
   118,
   115,
   112,
   108,
   105,
   101,
   97,
   93,
   89,
   85,
   81,
   77,
   73,
   69,
   65,
   60,
   56,
   [0]=60,
},
-- Table: {42}
{
   66,
   70,
   75,
   79,
   83,
   87,
   91,
   95,
   99,
   103,
   106,
   110,
   113,
   117,
   120,
   123,
   126,
   127,
   127,
   127,
   127,
   127,
   127,
   127,
   127,
   127,
   127,
   127,
   127,
   127,
   127,
   127,
   127,
   127,
   127,
   127,
   127,
   127,
   127,
   127,
   127,
   127,
   127,
   127,
   127,
   126,
   123,
   120,
   117,
   113,
   110,
   106,
   103,
   99,
   95,
   91,
   87,
   83,
   79,
   75,
   70,
   66,
   62,
   58,
   [0]=62,
},
-- Table: {43}
{
   68,
   72,
   76,
   80,
   84,
   89,
   93,
   96,
   100,
   104,
   108,
   111,
   115,
   118,
   121,
   124,
   127,
   127,
   127,
   127,
   127,
   127,
   127,
   127,
   127,
   127,
   127,
   127,
   127,
   127,
   127,
   127,
   127,
   127,
   127,
   127,
   127,
   127,
   127,
   127,
   127,
   127,
   127,
   127,
   127,
   127,
   124,
   121,
   118,
   115,
   111,
   108,
   104,
   100,
   96,
   93,
   89,
   84,
   80,
   76,
   72,
   68,
   63,
   59,
   [0]=63,
},
-- Table: {44}
{
   69,
   73,
   78,
   82,
   86,
   90,
   94,
   98,
   102,
   106,
   109,
   113,
   116,
   120,
   123,
   126,
   127,
   127,
   127,
   127,
   127,
   127,
   127,
   127,
   127,
   127,
   127,
   127,
   127,
   127,
   127,
   127,
   127,
   127,
   127,
   127,
   127,
   127,
   127,
   127,
   127,
   127,
   127,
   127,
   127,
   127,
   126,
   123,
   120,
   116,
   113,
   109,
   106,
   102,
   98,
   94,
   90,
   86,
   82,
   78,
   73,
   69,
   65,
   61,
   [0]=65,
},
-- Table: {45}
{
   71,
   75,
   79,
   83,
   87,
   91,
   95,
   99,
   103,
   107,
   111,
   114,
   118,
   121,
   124,
   127,
   127,
   127,
   127,
   127,
   127,
   127,
   127,
   127,
   127,
   127,
   127,
   127,
   127,
   127,
   127,
   127,
   127,
   127,
   127,
   127,
   127,
   127,
   127,
   127,
   127,
   127,
   127,
   127,
   127,
   127,
   127,
   124,
   121,
   118,
   114,
   111,
   107,
   103,
   99,
   95,
   91,
   87,
   83,
   79,
   75,
   71,
   66,
   62,
   [0]=66,
},
-- Table: {46}
{
   72,
   76,
   80,
   85,
   89,
   93,
   97,
   101,
   105,
   108,
   112,
   116,
   119,
   122,
   126,
   127,
   127,
   127,
   127,
   127,
   127,
   127,
   127,
   127,
   127,
   127,
   127,
   127,
   127,
   127,
   127,
   127,
   127,
   127,
   127,
   127,
   127,
   127,
   127,
   127,
   127,
   127,
   127,
   127,
   127,
   127,
   127,
   126,
   122,
   119,
   116,
   112,
   108,
   105,
   101,
   97,
   93,
   89,
   85,
   80,
   76,
   72,
   68,
   63,
   [0]=68,
},
-- Table: {47}
{
   73,
   77,
   82,
   86,
   90,
   94,
   98,
   102,
   106,
   110,
   113,
   117,
   120,
   124,
   127,
   127,
   127,
   127,
   127,
   127,
   127,
   127,
   127,
   127,
   127,
   127,
   127,
   127,
   127,
   127,
   127,
   127,
   127,
   127,
   127,
   127,
   127,
   127,
   127,
   127,
   127,
   127,
   127,
   127,
   127,
   127,
   127,
   127,
   124,
   120,
   117,
   113,
   110,
   106,
   102,
   98,
   94,
   90,
   86,
   82,
   77,
   73,
   69,
   65,
   [0]=69,
},
-- Table: {48}
{
   74,
   79,
   83,
   87,
   91,
   95,
   99,
   103,
   107,
   111,
   115,
   118,
   122,
   125,
   127,
   127,
   127,
   127,
   127,
   127,
   127,
   127,
   127,
   127,
   127,
   127,
   127,
   127,
   127,
   127,
   127,
   127,
   127,
   127,
   127,
   127,
   127,
   127,
   127,
   127,
   127,
   127,
   127,
   127,
   127,
   127,
   127,
   127,
   125,
   122,
   118,
   115,
   111,
   107,
   103,
   99,
   95,
   91,
   87,
   83,
   79,
   74,
   70,
   66,
   [0]=70,
},
-- Table: {49}
{
   76,
   80,
   84,
   88,
   92,
   96,
   100,
   104,
   108,
   112,
   116,
   119,
   123,
   126,
   127,
   127,
   127,
   127,
   127,
   127,
   127,
   127,
   127,
   127,
   127,
   127,
   127,
   127,
   127,
   127,
   127,
   127,
   127,
   127,
   127,
   127,
   127,
   127,
   127,
   127,
   127,
   127,
   127,
   127,
   127,
   127,
   127,
   127,
   126,
   123,
   119,
   116,
   112,
   108,
   104,
   100,
   96,
   92,
   88,
   84,
   80,
   76,
   71,
   67,
   [0]=71,
},
-- Table: {50}
{
   77,
   81,
   85,
   89,
   93,
   97,
   101,
   105,
   109,
   113,
   117,
   120,
   124,
   127,
   127,
   127,
   127,
   127,
   127,
   127,
   127,
   127,
   127,
   127,
   127,
   127,
   127,
   127,
   127,
   127,
   127,
   127,
   127,
   127,
   127,
   127,
   127,
   127,
   127,
   127,
   127,
   127,
   127,
   127,
   127,
   127,
   127,
   127,
   127,
   124,
   120,
   117,
   113,
   109,
   105,
   101,
   97,
   93,
   89,
   85,
   81,
   77,
   72,
   68,
   [0]=72,
},
-- Table: {51}
{
   78,
   82,
   86,
   90,
   94,
   98,
   102,
   106,
   110,
   114,
   118,
   121,
   125,
   127,
   127,
   127,
   127,
   127,
   127,
   127,
   127,
   127,
   127,
   127,
   127,
   127,
   127,
   127,
   127,
   127,
   127,
   127,
   127,
   127,
   127,
   127,
   127,
   127,
   127,
   127,
   127,
   127,
   127,
   127,
   127,
   127,
   127,
   127,
   127,
   125,
   121,
   118,
   114,
   110,
   106,
   102,
   98,
   94,
   90,
   86,
   82,
   78,
   73,
   69,
   [0]=73,
},
-- Table: {52}
{
   79,
   83,
   87,
   91,
   95,
   99,
   103,
   107,
   111,
   115,
   119,
   122,
   126,
   127,
   127,
   127,
   127,
   127,
   127,
   127,
   127,
   127,
   127,
   127,
   127,
   127,
   127,
   127,
   127,
   127,
   127,
   127,
   127,
   127,
   127,
   127,
   127,
   127,
   127,
   127,
   127,
   127,
   127,
   127,
   127,
   127,
   127,
   127,
   127,
   126,
   122,
   119,
   115,
   111,
   107,
   103,
   99,
   95,
   91,
   87,
   83,
   79,
   74,
   70,
   [0]=74,
},
-- Table: {53}
{
   79,
   84,
   88,
   92,
   96,
   100,
   104,
   108,
   112,
   116,
   120,
   123,
   127,
   127,
   127,
   127,
   127,
   127,
   127,
   127,
   127,
   127,
   127,
   127,
   127,
   127,
   127,
   127,
   127,
   127,
   127,
   127,
   127,
   127,
   127,
   127,
   127,
   127,
   127,
   127,
   127,
   127,
   127,
   127,
   127,
   127,
   127,
   127,
   127,
   127,
   123,
   120,
   116,
   112,
   108,
   104,
   100,
   96,
   92,
   88,
   84,
   79,
   75,
   71,
   [0]=75,
},
-- Table: {54}
{
   80,
   84,
   89,
   93,
   97,
   101,
   105,
   109,
   113,
   117,
   120,
   124,
   127,
   127,
   127,
   127,
   127,
   127,
   127,
   127,
   127,
   127,
   127,
   127,
   127,
   127,
   127,
   127,
   127,
   127,
   127,
   127,
   127,
   127,
   127,
   127,
   127,
   127,
   127,
   127,
   127,
   127,
   127,
   127,
   127,
   127,
   127,
   127,
   127,
   127,
   124,
   120,
   117,
   113,
   109,
   105,
   101,
   97,
   93,
   89,
   84,
   80,
   76,
   72,
   [0]=76,
},
-- Table: {55}
{
   81,
   85,
   89,
   94,
   98,
   102,
   106,
   110,
   114,
   117,
   121,
   125,
   127,
   127,
   127,
   127,
   127,
   127,
   127,
   127,
   127,
   127,
   127,
   127,
   127,
   127,
   127,
   127,
   127,
   127,
   127,
   127,
   127,
   127,
   127,
   127,
   127,
   127,
   127,
   127,
   127,
   127,
   127,
   127,
   127,
   127,
   127,
   127,
   127,
   127,
   125,
   121,
   117,
   114,
   110,
   106,
   102,
   98,
   94,
   89,
   85,
   81,
   77,
   72,
   [0]=77,
},
-- Table: {56}
{
   82,
   86,
   90,
   94,
   98,
   102,
   106,
   110,
   114,
   118,
   122,
   125,
   127,
   127,
   127,
   127,
   127,
   127,
   127,
   127,
   127,
   127,
   127,
   127,
   127,
   127,
   127,
   127,
   127,
   127,
   127,
   127,
   127,
   127,
   127,
   127,
   127,
   127,
   127,
   127,
   127,
   127,
   127,
   127,
   127,
   127,
   127,
   127,
   127,
   127,
   125,
   122,
   118,
   114,
   110,
   106,
   102,
   98,
   94,
   90,
   86,
   82,
   77,
   73,
   [0]=77,
},
-- Table: {57}
{
   82,
   86,
   91,
   95,
   99,
   103,
   107,
   111,
   115,
   118,
   122,
   126,
   127,
   127,
   127,
   127,
   127,
   127,
   127,
   127,
   127,
   127,
   127,
   127,
   127,
   127,
   127,
   127,
   127,
   127,
   127,
   127,
   127,
   127,
   127,
   127,
   127,
   127,
   127,
   127,
   127,
   127,
   127,
   127,
   127,
   127,
   127,
   127,
   127,
   127,
   126,
   122,
   118,
   115,
   111,
   107,
   103,
   99,
   95,
   91,
   86,
   82,
   78,
   74,
   [0]=78,
},
-- Table: {58}
{
   83,
   87,
   91,
   95,
   99,
   103,
   107,
   111,
   115,
   119,
   123,
   126,
   127,
   127,
   127,
   127,
   127,
   127,
   127,
   127,
   127,
   127,
   127,
   127,
   127,
   127,
   127,
   127,
   127,
   127,
   127,
   127,
   127,
   127,
   127,
   127,
   127,
   127,
   127,
   127,
   127,
   127,
   127,
   127,
   127,
   127,
   127,
   127,
   127,
   127,
   126,
   123,
   119,
   115,
   111,
   107,
   103,
   99,
   95,
   91,
   87,
   83,
   78,
   74,
   [0]=78,
},
-- Table: {59}
{
   83,
   87,
   91,
   96,
   100,
   104,
   108,
   112,
   116,
   119,
   123,
   127,
   127,
   127,
   127,
   127,
   127,
   127,
   127,
   127,
   127,
   127,
   127,
   127,
   127,
   127,
   127,
   127,
   127,
   127,
   127,
   127,
   127,
   127,
   127,
   127,
   127,
   127,
   127,
   127,
   127,
   127,
   127,
   127,
   127,
   127,
   127,
   127,
   127,
   127,
   127,
   123,
   119,
   116,
   112,
   108,
   104,
   100,
   96,
   91,
   87,
   83,
   79,
   74,
   [0]=79,
},
-- Table: {60}
{
   83,
   87,
   92,
   96,
   100,
   104,
   108,
   112,
   116,
   120,
   123,
   127,
   127,
   127,
   127,
   127,
   127,
   127,
   127,
   127,
   127,
   127,
   127,
   127,
   127,
   127,
   127,
   127,
   127,
   127,
   127,
   127,
   127,
   127,
   127,
   127,
   127,
   127,
   127,
   127,
   127,
   127,
   127,
   127,
   127,
   127,
   127,
   127,
   127,
   127,
   127,
   123,
   120,
   116,
   112,
   108,
   104,
   100,
   96,
   92,
   87,
   83,
   79,
   75,
   [0]=79,
},
-- Table: {61}
{
   83,
   88,
   92,
   96,
   100,
   104,
   108,
   112,
   116,
   120,
   124,
   127,
   127,
   127,
   127,
   127,
   127,
   127,
   127,
   127,
   127,
   127,
   127,
   127,
   127,
   127,
   127,
   127,
   127,
   127,
   127,
   127,
   127,
   127,
   127,
   127,
   127,
   127,
   127,
   127,
   127,
   127,
   127,
   127,
   127,
   127,
   127,
   127,
   127,
   127,
   127,
   124,
   120,
   116,
   112,
   108,
   104,
   100,
   96,
   92,
   88,
   83,
   79,
   75,
   [0]=79,
},
-- Table: {62}
{
   84,
   88,
   92,
   96,
   100,
   104,
   108,
   112,
   116,
   120,
   124,
   127,
   127,
   127,
   127,
   127,
   127,
   127,
   127,
   127,
   127,
   127,
   127,
   127,
   127,
   127,
   127,
   127,
   127,
   127,
   127,
   127,
   127,
   127,
   127,
   127,
   127,
   127,
   127,
   127,
   127,
   127,
   127,
   127,
   127,
   127,
   127,
   127,
   127,
   127,
   127,
   124,
   120,
   116,
   112,
   108,
   104,
   100,
   96,
   92,
   88,
   84,
   79,
   75,
   [0]=79,
},
-- Table: {63}
{
   84,
   88,
   92,
   96,
   100,
   105,
   109,
   113,
   116,
   120,
   124,
   127,
   127,
   127,
   127,
   127,
   127,
   127,
   127,
   127,
   127,
   127,
   127,
   127,
   127,
   127,
   127,
   127,
   127,
   127,
   127,
   127,
   127,
   127,
   127,
   127,
   127,
   127,
   127,
   127,
   127,
   127,
   127,
   127,
   127,
   127,
   127,
   127,
   127,
   127,
   127,
   124,
   120,
   116,
   113,
   109,
   105,
   100,
   96,
   92,
   88,
   84,
   79,
   75,
   [0]=79,
},
-- Table: {64}
{
   84,
   88,
   92,
   96,
   100,
   105,
   109,
   113,
   116,
   120,
   124,
   127,
   127,
   127,
   127,
   127,
   127,
   127,
   127,
   127,
   127,
   127,
   127,
   127,
   127,
   127,
   127,
   127,
   127,
   127,
   127,
   127,
   127,
   127,
   127,
   127,
   127,
   127,
   127,
   127,
   127,
   127,
   127,
   127,
   127,
   127,
   127,
   127,
   127,
   127,
   127,
   124,
   120,
   116,
   113,
   109,
   105,
   100,
   96,
   92,
   88,
   84,
   79,
   75,
   [0]=79,
},
-- Table: {65}
{
   84,
   88,
   92,
   96,
   100,
   104,
   108,
   112,
   116,
   120,
   124,
   127,
   127,
   127,
   127,
   127,
   127,
   127,
   127,
   127,
   127,
   127,
   127,
   127,
   127,
   127,
   127,
   127,
   127,
   127,
   127,
   127,
   127,
   127,
   127,
   127,
   127,
   127,
   127,
   127,
   127,
   127,
   127,
   127,
   127,
   127,
   127,
   127,
   127,
   127,
   127,
   124,
   120,
   116,
   112,
   108,
   104,
   100,
   96,
   92,
   88,
   84,
   79,
   75,
   [0]=79,
},
-- Table: {66}
{
   83,
   88,
   92,
   96,
   100,
   104,
   108,
   112,
   116,
   120,
   124,
   127,
   127,
   127,
   127,
   127,
   127,
   127,
   127,
   127,
   127,
   127,
   127,
   127,
   127,
   127,
   127,
   127,
   127,
   127,
   127,
   127,
   127,
   127,
   127,
   127,
   127,
   127,
   127,
   127,
   127,
   127,
   127,
   127,
   127,
   127,
   127,
   127,
   127,
   127,
   127,
   124,
   120,
   116,
   112,
   108,
   104,
   100,
   96,
   92,
   88,
   83,
   79,
   75,
   [0]=79,
},
-- Table: {67}
{
   83,
   87,
   92,
   96,
   100,
   104,
   108,
   112,
   116,
   120,
   123,
   127,
   127,
   127,
   127,
   127,
   127,
   127,
   127,
   127,
   127,
   127,
   127,
   127,
   127,
   127,
   127,
   127,
   127,
   127,
   127,
   127,
   127,
   127,
   127,
   127,
   127,
   127,
   127,
   127,
   127,
   127,
   127,
   127,
   127,
   127,
   127,
   127,
   127,
   127,
   127,
   123,
   120,
   116,
   112,
   108,
   104,
   100,
   96,
   92,
   87,
   83,
   79,
   75,
   [0]=79,
},
-- Table: {68}
{
   83,
   87,
   91,
   96,
   100,
   104,
   108,
   112,
   116,
   119,
   123,
   127,
   127,
   127,
   127,
   127,
   127,
   127,
   127,
   127,
   127,
   127,
   127,
   127,
   127,
   127,
   127,
   127,
   127,
   127,
   127,
   127,
   127,
   127,
   127,
   127,
   127,
   127,
   127,
   127,
   127,
   127,
   127,
   127,
   127,
   127,
   127,
   127,
   127,
   127,
   127,
   123,
   119,
   116,
   112,
   108,
   104,
   100,
   96,
   91,
   87,
   83,
   79,
   74,
   [0]=79,
},
-- Table: {69}
{
   83,
   87,
   91,
   95,
   99,
   103,
   107,
   111,
   115,
   119,
   123,
   126,
   127,
   127,
   127,
   127,
   127,
   127,
   127,
   127,
   127,
   127,
   127,
   127,
   127,
   127,
   127,
   127,
   127,
   127,
   127,
   127,
   127,
   127,
   127,
   127,
   127,
   127,
   127,
   127,
   127,
   127,
   127,
   127,
   127,
   127,
   127,
   127,
   127,
   127,
   126,
   123,
   119,
   115,
   111,
   107,
   103,
   99,
   95,
   91,
   87,
   83,
   78,
   74,
   [0]=78,
},
-- Table: {70}
{
   82,
   86,
   91,
   95,
   99,
   103,
   107,
   111,
   115,
   118,
   122,
   126,
   127,
   127,
   127,
   127,
   127,
   127,
   127,
   127,
   127,
   127,
   127,
   127,
   127,
   127,
   127,
   127,
   127,
   127,
   127,
   127,
   127,
   127,
   127,
   127,
   127,
   127,
   127,
   127,
   127,
   127,
   127,
   127,
   127,
   127,
   127,
   127,
   127,
   127,
   126,
   122,
   118,
   115,
   111,
   107,
   103,
   99,
   95,
   91,
   86,
   82,
   78,
   74,
   [0]=78,
},
-- Table: {71}
{
   82,
   86,
   90,
   94,
   98,
   102,
   106,
   110,
   114,
   118,
   122,
   125,
   127,
   127,
   127,
   127,
   127,
   127,
   127,
   127,
   127,
   127,
   127,
   127,
   127,
   127,
   127,
   127,
   127,
   127,
   127,
   127,
   127,
   127,
   127,
   127,
   127,
   127,
   127,
   127,
   127,
   127,
   127,
   127,
   127,
   127,
   127,
   127,
   127,
   127,
   125,
   122,
   118,
   114,
   110,
   106,
   102,
   98,
   94,
   90,
   86,
   82,
   77,
   73,
   [0]=77,
},
-- Table: {72}
{
   81,
   85,
   89,
   94,
   98,
   102,
   106,
   110,
   114,
   117,
   121,
   125,
   127,
   127,
   127,
   127,
   127,
   127,
   127,
   127,
   127,
   127,
   127,
   127,
   127,
   127,
   127,
   127,
   127,
   127,
   127,
   127,
   127,
   127,
   127,
   127,
   127,
   127,
   127,
   127,
   127,
   127,
   127,
   127,
   127,
   127,
   127,
   127,
   127,
   127,
   125,
   121,
   117,
   114,
   110,
   106,
   102,
   98,
   94,
   89,
   85,
   81,
   77,
   72,
   [0]=77,
},
-- Table: {73}
{
   80,
   84,
   89,
   93,
   97,
   101,
   105,
   109,
   113,
   117,
   120,
   124,
   127,
   127,
   127,
   127,
   127,
   127,
   127,
   127,
   127,
   127,
   127,
   127,
   127,
   127,
   127,
   127,
   127,
   127,
   127,
   127,
   127,
   127,
   127,
   127,
   127,
   127,
   127,
   127,
   127,
   127,
   127,
   127,
   127,
   127,
   127,
   127,
   127,
   127,
   124,
   120,
   117,
   113,
   109,
   105,
   101,
   97,
   93,
   89,
   84,
   80,
   76,
   72,
   [0]=76,
},
-- Table: {74}
{
   79,
   84,
   88,
   92,
   96,
   100,
   104,
   108,
   112,
   116,
   120,
   123,
   127,
   127,
   127,
   127,
   127,
   127,
   127,
   127,
   127,
   127,
   127,
   127,
   127,
   127,
   127,
   127,
   127,
   127,
   127,
   127,
   127,
   127,
   127,
   127,
   127,
   127,
   127,
   127,
   127,
   127,
   127,
   127,
   127,
   127,
   127,
   127,
   127,
   127,
   123,
   120,
   116,
   112,
   108,
   104,
   100,
   96,
   92,
   88,
   84,
   79,
   75,
   71,
   [0]=75,
},
-- Table: {75}
{
   79,
   83,
   87,
   91,
   95,
   99,
   103,
   107,
   111,
   115,
   119,
   122,
   126,
   127,
   127,
   127,
   127,
   127,
   127,
   127,
   127,
   127,
   127,
   127,
   127,
   127,
   127,
   127,
   127,
   127,
   127,
   127,
   127,
   127,
   127,
   127,
   127,
   127,
   127,
   127,
   127,
   127,
   127,
   127,
   127,
   127,
   127,
   127,
   127,
   126,
   122,
   119,
   115,
   111,
   107,
   103,
   99,
   95,
   91,
   87,
   83,
   79,
   74,
   70,
   [0]=74,
},
-- Table: {76}
{
   78,
   82,
   86,
   90,
   94,
   98,
   102,
   106,
   110,
   114,
   118,
   121,
   125,
   127,
   127,
   127,
   127,
   127,
   127,
   127,
   127,
   127,
   127,
   127,
   127,
   127,
   127,
   127,
   127,
   127,
   127,
   127,
   127,
   127,
   127,
   127,
   127,
   127,
   127,
   127,
   127,
   127,
   127,
   127,
   127,
   127,
   127,
   127,
   127,
   125,
   121,
   118,
   114,
   110,
   106,
   102,
   98,
   94,
   90,
   86,
   82,
   78,
   73,
   69,
   [0]=73,
},
-- Table: {77}
{
   77,
   81,
   85,
   89,
   93,
   97,
   101,
   105,
   109,
   113,
   117,
   120,
   124,
   127,
   127,
   127,
   127,
   127,
   127,
   127,
   127,
   127,
   127,
   127,
   127,
   127,
   127,
   127,
   127,
   127,
   127,
   127,
   127,
   127,
   127,
   127,
   127,
   127,
   127,
   127,
   127,
   127,
   127,
   127,
   127,
   127,
   127,
   127,
   127,
   124,
   120,
   117,
   113,
   109,
   105,
   101,
   97,
   93,
   89,
   85,
   81,
   77,
   72,
   68,
   [0]=72,
},
-- Table: {78}
{
   76,
   80,
   84,
   88,
   92,
   96,
   100,
   104,
   108,
   112,
   116,
   119,
   123,
   126,
   127,
   127,
   127,
   127,
   127,
   127,
   127,
   127,
   127,
   127,
   127,
   127,
   127,
   127,
   127,
   127,
   127,
   127,
   127,
   127,
   127,
   127,
   127,
   127,
   127,
   127,
   127,
   127,
   127,
   127,
   127,
   127,
   127,
   127,
   126,
   123,
   119,
   116,
   112,
   108,
   104,
   100,
   96,
   92,
   88,
   84,
   80,
   76,
   71,
   67,
   [0]=71,
},
-- Table: {79}
{
   74,
   79,
   83,
   87,
   91,
   95,
   99,
   103,
   107,
   111,
   115,
   118,
   122,
   125,
   127,
   127,
   127,
   127,
   127,
   127,
   127,
   127,
   127,
   127,
   127,
   127,
   127,
   127,
   127,
   127,
   127,
   127,
   127,
   127,
   127,
   127,
   127,
   127,
   127,
   127,
   127,
   127,
   127,
   127,
   127,
   127,
   127,
   127,
   125,
   122,
   118,
   115,
   111,
   107,
   103,
   99,
   95,
   91,
   87,
   83,
   79,
   74,
   70,
   66,
   [0]=70,
},
-- Table: {80}
{
   73,
   77,
   82,
   86,
   90,
   94,
   98,
   102,
   106,
   110,
   113,
   117,
   120,
   124,
   127,
   127,
   127,
   127,
   127,
   127,
   127,
   127,
   127,
   127,
   127,
   127,
   127,
   127,
   127,
   127,
   127,
   127,
   127,
   127,
   127,
   127,
   127,
   127,
   127,
   127,
   127,
   127,
   127,
   127,
   127,
   127,
   127,
   127,
   124,
   120,
   117,
   113,
   110,
   106,
   102,
   98,
   94,
   90,
   86,
   82,
   77,
   73,
   69,
   65,
   [0]=69,
},
-- Table: {81}
{
   72,
   76,
   80,
   85,
   89,
   93,
   97,
   101,
   105,
   108,
   112,
   116,
   119,
   122,
   126,
   127,
   127,
   127,
   127,
   127,
   127,
   127,
   127,
   127,
   127,
   127,
   127,
   127,
   127,
   127,
   127,
   127,
   127,
   127,
   127,
   127,
   127,
   127,
   127,
   127,
   127,
   127,
   127,
   127,
   127,
   127,
   127,
   126,
   122,
   119,
   116,
   112,
   108,
   105,
   101,
   97,
   93,
   89,
   85,
   80,
   76,
   72,
   68,
   63,
   [0]=68,
},
-- Table: {82}
{
   71,
   75,
   79,
   83,
   87,
   91,
   95,
   99,
   103,
   107,
   111,
   114,
   118,
   121,
   124,
   127,
   127,
   127,
   127,
   127,
   127,
   127,
   127,
   127,
   127,
   127,
   127,
   127,
   127,
   127,
   127,
   127,
   127,
   127,
   127,
   127,
   127,
   127,
   127,
   127,
   127,
   127,
   127,
   127,
   127,
   127,
   127,
   124,
   121,
   118,
   114,
   111,
   107,
   103,
   99,
   95,
   91,
   87,
   83,
   79,
   75,
   71,
   66,
   62,
   [0]=66,
},
-- Table: {83}
{
   69,
   73,
   78,
   82,
   86,
   90,
   94,
   98,
   102,
   106,
   109,
   113,
   116,
   120,
   123,
   126,
   127,
   127,
   127,
   127,
   127,
   127,
   127,
   127,
   127,
   127,
   127,
   127,
   127,
   127,
   127,
   127,
   127,
   127,
   127,
   127,
   127,
   127,
   127,
   127,
   127,
   127,
   127,
   127,
   127,
   127,
   126,
   123,
   120,
   116,
   113,
   109,
   106,
   102,
   98,
   94,
   90,
   86,
   82,
   78,
   73,
   69,
   65,
   61,
   [0]=65,
},
-- Table: {84}
{
   68,
   72,
   76,
   80,
   84,
   89,
   93,
   96,
   100,
   104,
   108,
   111,
   115,
   118,
   121,
   124,
   127,
   127,
   127,
   127,
   127,
   127,
   127,
   127,
   127,
   127,
   127,
   127,
   127,
   127,
   127,
   127,
   127,
   127,
   127,
   127,
   127,
   127,
   127,
   127,
   127,
   127,
   127,
   127,
   127,
   127,
   124,
   121,
   118,
   115,
   111,
   108,
   104,
   100,
   96,
   93,
   89,
   84,
   80,
   76,
   72,
   68,
   63,
   59,
   [0]=63,
},
-- Table: {85}
{
   66,
   70,
   75,
   79,
   83,
   87,
   91,
   95,
   99,
   103,
   106,
   110,
   113,
   117,
   120,
   123,
   126,
   127,
   127,
   127,
   127,
   127,
   127,
   127,
   127,
   127,
   127,
   127,
   127,
   127,
   127,
   127,
   127,
   127,
   127,
   127,
   127,
   127,
   127,
   127,
   127,
   127,
   127,
   127,
   127,
   126,
   123,
   120,
   117,
   113,
   110,
   106,
   103,
   99,
   95,
   91,
   87,
   83,
   79,
   75,
   70,
   66,
   62,
   58,
   [0]=62,
},
-- Table: {86}
{
   65,
   69,
   73,
   77,
   81,
   85,
   89,
   93,
   97,
   101,
   105,
   108,
   112,
   115,
   118,
   121,
   124,
   127,
   127,
   127,
   127,
   127,
   127,
   127,
   127,
   127,
   127,
   127,
   127,
   127,
   127,
   127,
   127,
   127,
   127,
   127,
   127,
   127,
   127,
   127,
   127,
   127,
   127,
   127,
   127,
   124,
   121,
   118,
   115,
   112,
   108,
   105,
   101,
   97,
   93,
   89,
   85,
   81,
   77,
   73,
   69,
   65,
   60,
   56,
   [0]=60,
},
-- Table: {87}
{
   63,
   67,
   71,
   76,
   80,
   84,
   88,
   92,
   96,
   99,
   103,
   107,
   110,
   113,
   116,
   120,
   122,
   125,
   127,
   127,
   127,
   127,
   127,
   127,
   127,
   127,
   127,
   127,
   127,
   127,
   127,
   127,
   127,
   127,
   127,
   127,
   127,
   127,
   127,
   127,
   127,
   127,
   127,
   127,
   125,
   122,
   120,
   116,
   113,
   110,
   107,
   103,
   99,
   96,
   92,
   88,
   84,
   80,
   76,
   71,
   67,
   63,
   59,
   54,
   [0]=59,
},
-- Table: {88}
{
   61,
   65,
   70,
   74,
   78,
   82,
   86,
   90,
   94,
   98,
   101,
   105,
   108,
   112,
   115,
   118,
   121,
   123,
   126,
   127,
   127,
   127,
   127,
   127,
   127,
   127,
   127,
   127,
   127,
   127,
   127,
   127,
   127,
   127,
   127,
   127,
   127,
   127,
   127,
   127,
   127,
   127,
   127,
   126,
   123,
   121,
   118,
   115,
   112,
   108,
   105,
   101,
   98,
   94,
   90,
   86,
   82,
   78,
   74,
   70,
   65,
   61,
   57,
   53,
   [0]=57,
},
-- Table: {89}
{
   59,
   64,
   68,
   72,
   76,
   80,
   84,
   88,
   92,
   96,
   99,
   103,
   106,
   110,
   113,
   116,
   119,
   122,
   124,
   127,
   127,
   127,
   127,
   127,
   127,
   127,
   127,
   127,
   127,
   127,
   127,
   127,
   127,
   127,
   127,
   127,
   127,
   127,
   127,
   127,
   127,
   127,
   127,
   124,
   122,
   119,
   116,
   113,
   110,
   106,
   103,
   99,
   96,
   92,
   88,
   84,
   80,
   76,
   72,
   68,
   64,
   59,
   55,
   51,
   [0]=55,
},
-- Table: {90}
{
   58,
   62,
   66,
   70,
   74,
   78,
   82,
   86,
   90,
   94,
   98,
   101,
   105,
   108,
   111,
   114,
   117,
   120,
   122,
   125,
   127,
   127,
   127,
   127,
   127,
   127,
   127,
   127,
   127,
   127,
   127,
   127,
   127,
   127,
   127,
   127,
   127,
   127,
   127,
   127,
   127,
   127,
   125,
   122,
   120,
   117,
   114,
   111,
   108,
   105,
   101,
   98,
   94,
   90,
   86,
   82,
   78,
   74,
   70,
   66,
   62,
   58,
   53,
   49,
   [0]=53,
},
-- Table: {91}
{
   56,
   60,
   64,
   68,
   72,
   77,
   81,
   84,
   88,
   92,
   96,
   99,
   103,
   106,
   109,
   112,
   115,
   118,
   120,
   123,
   125,
   127,
   127,
   127,
   127,
   127,
   127,
   127,
   127,
   127,
   127,
   127,
   127,
   127,
   127,
   127,
   127,
   127,
   127,
   127,
   127,
   125,
   123,
   120,
   118,
   115,
   112,
   109,
   106,
   103,
   99,
   96,
   92,
   88,
   84,
   81,
   77,
   72,
   68,
   64,
   60,
   56,
   51,
   47,
   [0]=51,
},
-- Table: {92}
{
   54,
   58,
   62,
   66,
   70,
   75,
   79,
   83,
   86,
   90,
   94,
   97,
   101,
   104,
   107,
   110,
   113,
   116,
   119,
   121,
   123,
   125,
   127,
   127,
   127,
   127,
   127,
   127,
   127,
   127,
   127,
   127,
   127,
   127,
   127,
   127,
   127,
   127,
   127,
   127,
   125,
   123,
   121,
   119,
   116,
   113,
   110,
   107,
   104,
   101,
   97,
   94,
   90,
   86,
   83,
   79,
   75,
   70,
   66,
   62,
   58,
   54,
   50,
   45,
   [0]=50,
},
-- Table: {93}
{
   52,
   56,
   60,
   64,
   69,
   73,
   77,
   81,
   84,
   88,
   92,
   95,
   99,
   102,
   105,
   108,
   111,
   114,
   117,
   119,
   121,
   123,
   125,
   127,
   127,
   127,
   127,
   127,
   127,
   127,
   127,
   127,
   127,
   127,
   127,
   127,
   127,
   127,
   127,
   125,
   123,
   121,
   119,
   117,
   114,
   111,
   108,
   105,
   102,
   99,
   95,
   92,
   88,
   84,
   81,
   77,
   73,
   69,
   64,
   60,
   56,
   52,
   48,
   43,
   [0]=48,
},
-- Table: {94}
{
   50,
   54,
   58,
   62,
   66,
   71,
   75,
   79,
   82,
   86,
   90,
   93,
   97,
   100,
   103,
   106,
   109,
   112,
   115,
   117,
   119,
   121,
   123,
   125,
   126,
   127,
   127,
   127,
   127,
   127,
   127,
   127,
   127,
   127,
   127,
   127,
   127,
   126,
   125,
   123,
   121,
   119,
   117,
   115,
   112,
   109,
   106,
   103,
   100,
   97,
   93,
   90,
   86,
   82,
   79,
   75,
   71,
   66,
   62,
   58,
   54,
   50,
   46,
   41,
   [0]=46,
},
-- Table: {95}
{
   48,
   52,
   56,
   60,
   64,
   68,
   72,
   76,
   80,
   84,
   88,
   91,
   95,
   98,
   101,
   104,
   107,
   110,
   112,
   115,
   117,
   119,
   121,
   123,
   124,
   125,
   126,
   127,
   127,
   127,
   127,
   127,
   127,
   127,
   127,
   126,
   125,
   124,
   123,
   121,
   119,
   117,
   115,
   112,
   110,
   107,
   104,
   101,
   98,
   95,
   91,
   88,
   84,
   80,
   76,
   72,
   68,
   64,
   60,
   56,
   52,
   48,
   43,
   39,
   [0]=43,
},
-- Table: {96}
{
   46,
   50,
   54,
   58,
   62,
   66,
   70,
   74,
   78,
   82,
   86,
   89,
   93,
   96,
   99,
   102,
   105,
   108,
   110,
   113,
   115,
   117,
   119,
   120,
   122,
   123,
   124,
   125,
   126,
   126,
   126,
   126,
   126,
   126,
   125,
   124,
   123,
   122,
   120,
   119,
   117,
   115,
   113,
   110,
   108,
   105,
   102,
   99,
   96,
   93,
   89,
   86,
   82,
   78,
   74,
   70,
   66,
   62,
   58,
   54,
   50,
   46,
   41,
   37,
   [0]=41,
},
-- Table: {97}
{
   43,
   48,
   52,
   56,
   60,
   64,
   68,
   72,
   76,
   80,
   83,
   87,
   90,
   94,
   97,
   100,
   103,
   106,
   108,
   111,
   113,
   115,
   117,
   118,
   120,
   121,
   122,
   123,
   123,
   124,
   124,
   124,
   124,
   123,
   123,
   122,
   121,
   120,
   118,
   117,
   115,
   113,
   111,
   108,
   106,
   103,
   100,
   97,
   94,
   90,
   87,
   83,
   80,
   76,
   72,
   68,
   64,
   60,
   56,
   52,
   48,
   43,
   39,
   35,
   [0]=39,
},
-- Table: {98}
{
   41,
   45,
   50,
   54,
   58,
   62,
   66,
   70,
   74,
   78,
   81,
   85,
   88,
   92,
   95,
   98,
   101,
   103,
   106,
   108,
   111,
   113,
   114,
   116,
   118,
   119,
   120,
   121,
   121,
   122,
   122,
   122,
   122,
   121,
   121,
   120,
   119,
   118,
   116,
   114,
   113,
   111,
   108,
   106,
   103,
   101,
   98,
   95,
   92,
   88,
   85,
   81,
   78,
   74,
   70,
   66,
   62,
   58,
   54,
   50,
   45,
   41,
   37,
   33,
   [0]=37,
},
-- Table: {99}
{
   39,
   43,
   47,
   52,
   56,
   60,
   64,
   68,
   72,
   75,
   79,
   83,
   86,
   89,
   93,
   96,
   98,
   101,
   104,
   106,
   108,
   110,
   112,
   114,
   115,
   117,
   118,
   118,
   119,
   119,
   120,
   120,
   119,
   119,
   118,
   118,
   117,
   115,
   114,
   112,
   110,
   108,
   106,
   104,
   101,
   98,
   96,
   93,
   89,
   86,
   83,
   79,
   75,
   72,
   68,
   64,
   60,
   56,
   52,
   47,
   43,
   39,
   35,
   30,
   [0]=35,
},
-- Table: {100}
{
   37,
   41,
   45,
   49,
   53,
   57,
   61,
   65,
   69,
   73,
   77,
   80,
   84,
   87,
   90,
   93,
   96,
   99,
   101,
   104,
   106,
   108,
   110,
   112,
   113,
   114,
   115,
   116,
   117,
   117,
   117,
   117,
   117,
   117,
   116,
   115,
   114,
   113,
   112,
   110,
   108,
   106,
   104,
   101,
   99,
   96,
   93,
   90,
   87,
   84,
   80,
   77,
   73,
   69,
   65,
   61,
   57,
   53,
   49,
   45,
   41,
   37,
   32,
   28,
   [0]=32,
},
-- Table: {101}
{
   34,
   39,
   43,
   47,
   51,
   55,
   59,
   63,
   67,
   71,
   74,
   78,
   81,
   85,
   88,
   91,
   94,
   97,
   99,
   102,
   104,
   106,
   108,
   109,
   111,
   112,
   113,
   114,
   114,
   115,
   115,
   115,
   115,
   114,
   114,
   113,
   112,
   111,
   109,
   108,
   106,
   104,
   102,
   99,
   97,
   94,
   91,
   88,
   85,
   81,
   78,
   74,
   71,
   67,
   63,
   59,
   55,
   51,
   47,
   43,
   39,
   34,
   30,
   26,
   [0]=30,
},
-- Table: {102}
{
   32,
   36,
   40,
   45,
   49,
   53,
   57,
   61,
   65,
   68,
   72,
   76,
   79,
   82,
   86,
   89,
   92,
   94,
   97,
   99,
   101,
   103,
   105,
   107,
   108,
   110,
   111,
   111,
   112,
   113,
   113,
   113,
   113,
   112,
   111,
   111,
   110,
   108,
   107,
   105,
   103,
   101,
   99,
   97,
   94,
   92,
   89,
   86,
   82,
   79,
   76,
   72,
   68,
   65,
   61,
   57,
   53,
   49,
   45,
   40,
   36,
   32,
   28,
   24,
   [0]=28,
},
-- Table: {103}
{
   30,
   34,
   38,
   42,
   46,
   50,
   54,
   58,
   62,
   66,
   70,
   73,
   77,
   80,
   83,
   86,
   89,
   92,
   94,
   97,
   99,
   101,
   103,
   105,
   106,
   107,
   108,
   109,
   110,
   110,
   110,
   110,
   110,
   110,
   109,
   108,
   107,
   106,
   105,
   103,
   101,
   99,
   97,
   94,
   92,
   89,
   86,
   83,
   80,
   77,
   73,
   70,
   66,
   62,
   58,
   54,
   50,
   46,
   42,
   38,
   34,
   30,
   25,
   21,
   [0]=25,
},
-- Table: {104}
{
   27,
   31,
   36,
   40,
   44,
   48,
   52,
   56,
   60,
   64,
   67,
   71,
   74,
   78,
   81,
   84,
   87,
   89,
   92,
   94,
   97,
   99,
   101,
   102,
   104,
   105,
   106,
   107,
   107,
   108,
   108,
   108,
   108,
   107,
   107,
   106,
   105,
   104,
   102,
   101,
   99,
   97,
   94,
   92,
   89,
   87,
   84,
   81,
   78,
   74,
   71,
   67,
   64,
   60,
   56,
   52,
   48,
   44,
   40,
   36,
   31,
   27,
   23,
   19,
   [0]=23,
},
-- Table: {105}
{
   25,
   29,
   33,
   37,
   42,
   46,
   50,
   54,
   57,
   61,
   65,
   68,
   72,
   75,
   78,
   81,
   84,
   87,
   90,
   92,
   94,
   96,
   98,
   100,
   101,
   102,
   103,
   104,
   105,
   105,
   106,
   106,
   105,
   105,
   104,
   103,
   102,
   101,
   100,
   98,
   96,
   94,
   92,
   90,
   87,
   84,
   81,
   78,
   75,
   72,
   68,
   65,
   61,
   57,
   54,
   50,
   46,
   42,
   37,
   33,
   29,
   25,
   21,
   16,
   [0]=21,
},
-- Table: {106}
{
   22,
   27,
   31,
   35,
   39,
   43,
   47,
   51,
   55,
   59,
   62,
   66,
   69,
   73,
   76,
   79,
   82,
   85,
   87,
   90,
   92,
   94,
   96,
   97,
   99,
   100,
   101,
   102,
   103,
   103,
   103,
   103,
   103,
   103,
   102,
   101,
   100,
   99,
   97,
   96,
   94,
   92,
   90,
   87,
   85,
   82,
   79,
   76,
   73,
   69,
   66,
   62,
   59,
   55,
   51,
   47,
   43,
   39,
   35,
   31,
   27,
   22,
   18,
   14,
   [0]=18,
},
-- Table: {107}
{
   20,
   24,
   28,
   33,
   37,
   41,
   45,
   49,
   53,
   56,
   60,
   64,
   67,
   70,
   74,
   77,
   79,
   82,
   85,
   87,
   89,
   91,
   93,
   95,
   96,
   98,
   99,
   99,
   100,
   100,
   101,
   101,
   100,
   100,
   99,
   99,
   98,
   96,
   95,
   93,
   91,
   89,
   87,
   85,
   82,
   79,
   77,
   74,
   70,
   67,
   64,
   60,
   56,
   53,
   49,
   45,
   41,
   37,
   33,
   28,
   24,
   20,
   16,
   11,
   [0]=16,
},
-- Table: {108}
{
   17,
   22,
   26,
   30,
   34,
   38,
   42,
   46,
   50,
   54,
   58,
   61,
   65,
   68,
   71,
   74,
   77,
   80,
   82,
   85,
   87,
   89,
   91,
   92,
   94,
   95,
   96,
   97,
   98,
   98,
   98,
   98,
   98,
   98,
   97,
   96,
   95,
   94,
   92,
   91,
   89,
   87,
   85,
   82,
   80,
   77,
   74,
   71,
   68,
   65,
   61,
   58,
   54,
   50,
   46,
   42,
   38,
   34,
   30,
   26,
   22,
   17,
   13,
   9,
   [0]=13,
},
-- Table: {109}
{
   15,
   19,
   23,
   28,
   32,
   36,
   40,
   44,
   48,
   51,
   55,
   59,
   62,
   65,
   69,
   72,
   75,
   77,
   80,
   82,
   84,
   86,
   88,
   90,
   91,
   93,
   94,
   94,
   95,
   96,
   96,
   96,
   96,
   95,
   94,
   94,
   93,
   91,
   90,
   88,
   86,
   84,
   82,
   80,
   77,
   75,
   72,
   69,
   65,
   62,
   59,
   55,
   51,
   48,
   44,
   40,
   36,
   32,
   28,
   23,
   19,
   15,
   11,
   7,
   [0]=11,
},
-- Table: {110}
{
   13,
   17,
   21,
   25,
   29,
   33,
   37,
   41,
   45,
   49,
   53,
   56,
   60,
   63,
   66,
   69,
   72,
   75,
   77,
   80,
   82,
   84,
   86,
   87,
   89,
   90,
   91,
   92,
   93,
   93,
   93,
   93,
   93,
   93,
   92,
   91,
   90,
   89,
   87,
   86,
   84,
   82,
   80,
   77,
   75,
   72,
   69,
   66,
   63,
   60,
   56,
   53,
   49,
   45,
   41,
   37,
   33,
   29,
   25,
   21,
   17,
   13,
   8,
   4,
   [0]=8,
},
-- Table: {111}
{
   10,
   14,
   18,
   23,
   27,
   31,
   35,
   39,
   43,
   46,
   50,
   54,
   57,
   60,
   64,
   67,
   70,
   72,
   75,
   77,
   79,
   81,
   83,
   85,
   86,
   88,
   89,
   89,
   90,
   91,
   91,
   91,
   91,
   90,
   89,
   89,
   88,
   86,
   85,
   83,
   81,
   79,
   77,
   75,
   72,
   70,
   67,
   64,
   60,
   57,
   54,
   50,
   46,
   43,
   39,
   35,
   31,
   27,
   23,
   18,
   14,
   10,
   6,
   2,
   [0]=6,
},
-- Table: {112}
{
   8,
   12,
   16,
   20,
   24,
   28,
   32,
   36,
   40,
   44,
   48,
   51,
   55,
   58,
   61,
   64,
   67,
   70,
   72,
   75,
   77,
   79,
   81,
   82,
   84,
   85,
   86,
   87,
   88,
   88,
   88,
   88,
   88,
   88,
   87,
   86,
   85,
   84,
   82,
   81,
   79,
   77,
   75,
   72,
   70,
   67,
   64,
   61,
   58,
   55,
   51,
   48,
   44,
   40,
   36,
   32,
   28,
   24,
   20,
   16,
   12,
   8,
   3,
   1,
   [0]=3,
},
-- Table: {113}
{
   5,
   9,
   13,
   18,
   22,
   26,
   30,
   34,
   38,
   41,
   45,
   49,
   52,
   55,
   59,
   62,
   64,
   67,
   70,
   72,
   74,
   76,
   78,
   80,
   81,
   83,
   84,
   84,
   85,
   86,
   86,
   86,
   86,
   85,
   84,
   84,
   83,
   81,
   80,
   78,
   76,
   74,
   72,
   70,
   67,
   64,
   62,
   59,
   55,
   52,
   49,
   45,
   41,
   38,
   34,
   30,
   26,
   22,
   18,
   13,
   9,
   5,
   1,
   3,
   [0]=1,
},
-- Table: {114}
{
   2,
   7,
   11,
   15,
   19,
   23,
   27,
   31,
   35,
   39,
   43,
   46,
   50,
   53,
   56,
   59,
   62,
   65,
   67,
   70,
   72,
   74,
   76,
   77,
   79,
   80,
   81,
   82,
   83,
   83,
   83,
   83,
   83,
   83,
   82,
   81,
   80,
   79,
   77,
   76,
   74,
   72,
   70,
   67,
   65,
   62,
   59,
   56,
   53,
   50,
   46,
   43,
   39,
   35,
   31,
   27,
   23,
   19,
   15,
   11,
   7,
   2,
   2,
   6,
   [0]=2,
},
-- Table: {115}
{
   0,
   4,
   8,
   13,
   17,
   21,
   25,
   29,
   33,
   36,
   40,
   44,
   47,
   50,
   54,
   57,
   59,
   62,
   65,
   67,
   69,
   71,
   73,
   75,
   76,
   78,
   79,
   79,
   80,
   80,
   81,
   81,
   80,
   80,
   79,
   79,
   78,
   76,
   75,
   73,
   71,
   69,
   67,
   65,
   62,
   59,
   57,
   54,
   50,
   47,
   44,
   40,
   36,
   33,
   29,
   25,
   21,
   17,
   13,
   8,
   4,
   0,
   4,
   9,
   [0]=4,
},
-- Table: {116}
{
   3,
   2,
   6,
   10,
   14,
   18,
   22,
   26,
   30,
   34,
   38,
   41,
   45,
   48,
   51,
   54,
   57,
   60,
   62,
   65,
   67,
   69,
   71,
   72,
   74,
   75,
   76,
   77,
   78,
   78,
   78,
   78,
   78,
   78,
   77,
   76,
   75,
   74,
   72,
   71,
   69,
   67,
   65,
   62,
   60,
   57,
   54,
   51,
   48,
   45,
   41,
   38,
   34,
   30,
   26,
   22,
   18,
   14,
   10,
   6,
   2,
   3,
   7,
   11,
   [0]=7,
},
-- Table: {117}
{
   5,
   1,
   3,
   8,
   12,
   16,
   20,
   24,
   28,
   31,
   35,
   39,
   42,
   45,
   49,
   52,
   54,
   57,
   60,
   62,
   64,
   66,
   68,
   70,
   71,
   73,
   74,
   74,
   75,
   75,
   76,
   76,
   75,
   75,
   74,
   74,
   73,
   71,
   70,
   68,
   66,
   64,
   62,
   60,
   57,
   54,
   52,
   49,
   45,
   42,
   39,
   35,
   31,
   28,
   24,
   20,
   16,
   12,
   8,
   3,
   1,
   5,
   9,
   14,
   [0]=9,
},
-- Table: {118}
{
   8,
   3,
   1,
   5,
   9,
   13,
   17,
   21,
   25,
   29,
   33,
   36,
   40,
   43,
   46,
   49,
   52,
   55,
   57,
   60,
   62,
   64,
   66,
   67,
   69,
   70,
   71,
   72,
   73,
   73,
   73,
   73,
   73,
   73,
   72,
   71,
   70,
   69,
   67,
   66,
   64,
   62,
   60,
   57,
   55,
   52,
   49,
   46,
   43,
   40,
   36,
   33,
   29,
   25,
   21,
   17,
   13,
   9,
   5,
   1,
   3,
   8,
   12,
   16,
   [0]=12,
},
-- Table: {119}
{
   10,
   6,
   2,
   3,
   7,
   11,
   15,
   19,
   23,
   26,
   30,
   34,
   37,
   40,
   44,
   47,
   49,
   52,
   55,
   57,
   59,
   61,
   63,
   65,
   66,
   68,
   69,
   69,
   70,
   71,
   71,
   71,
   71,
   70,
   69,
   69,
   68,
   66,
   65,
   63,
   61,
   59,
   57,
   55,
   52,
   49,
   47,
   44,
   40,
   37,
   34,
   30,
   26,
   23,
   19,
   15,
   11,
   7,
   3,
   2,
   6,
   10,
   14,
   18,
   [0]=14,
},
-- Table: {120}
{
   12,
   8,
   4,
   0,
   4,
   8,
   12,
   16,
   20,
   24,
   28,
   31,
   35,
   38,
   41,
   44,
   47,
   50,
   52,
   55,
   57,
   59,
   61,
   62,
   64,
   65,
   66,
   67,
   68,
   68,
   68,
   68,
   68,
   68,
   67,
   66,
   65,
   64,
   62,
   61,
   59,
   57,
   55,
   52,
   50,
   47,
   44,
   41,
   38,
   35,
   31,
   28,
   24,
   20,
   16,
   12,
   8,
   4,
   0,
   4,
   8,
   12,
   17,
   21,
   [0]=17,
},
-- Table: {121}
{
   15,
   11,
   7,
   2,
   2,
   6,
   10,
   14,
   18,
   21,
   25,
   29,
   32,
   35,
   39,
   42,
   45,
   47,
   50,
   52,
   54,
   56,
   58,
   60,
   61,
   63,
   64,
   65,
   65,
   66,
   66,
   66,
   66,
   65,
   65,
   64,
   63,
   61,
   60,
   58,
   56,
   54,
   52,
   50,
   47,
   45,
   42,
   39,
   35,
   32,
   29,
   25,
   21,
   18,
   14,
   10,
   6,
   2,
   2,
   7,
   11,
   15,
   19,
   23,
   [0]=19,
},
-- Table: {122}
{
   17,
   13,
   9,
   5,
   1,
   3,
   7,
   11,
   15,
   19,
   23,
   26,
   30,
   33,
   36,
   39,
   42,
   45,
   47,
   50,
   52,
   54,
   56,
   58,
   59,
   60,
   61,
   62,
   63,
   63,
   63,
   63,
   63,
   63,
   62,
   61,
   60,
   59,
   58,
   56,
   54,
   52,
   50,
   47,
   45,
   42,
   39,
   36,
   33,
   30,
   26,
   23,
   19,
   15,
   11,
   7,
   3,
   1,
   5,
   9,
   13,
   17,
   22,
   26,
   [0]=22,
},
-- Table: {123}
{
   20,
   16,
   11,
   7,
   3,
   1,
   5,
   9,
   13,
   17,
   20,
   24,
   27,
   31,
   34,
   37,
   40,
   42,
   45,
   47,
   50,
   52,
   53,
   55,
   57,
   58,
   59,
   60,
   60,
   61,
   61,
   61,
   61,
   60,
   60,
   59,
   58,
   57,
   55,
   53,
   52,
   50,
   47,
   45,
   42,
   40,
   37,
   34,
   31,
   27,
   24,
   20,
   17,
   13,
   9,
   5,
   1,
   3,
   7,
   11,
   16,
   20,
   24,
   28,
   [0]=24,
},
-- Table: {124}
{
   22,
   18,
   14,
   10,
   5,
   1,
   3,
   7,
   10,
   14,
   18,
   21,
   25,
   28,
   31,
   34,
   37,
   40,
   43,
   45,
   47,
   49,
   51,
   53,
   54,
   55,
   56,
   57,
   58,
   58,
   59,
   59,
   58,
   58,
   57,
   56,
   55,
   54,
   53,
   51,
   49,
   47,
   45,
   43,
   40,
   37,
   34,
   31,
   28,
   25,
   21,
   18,
   14,
   10,
   7,
   3,
   1,
   5,
   10,
   14,
   18,
   22,
   26,
   31,
   [0]=26,
},
-- Table: {125}
{
   25,
   20,
   16,
   12,
   8,
   4,
   0,
   4,
   8,
   12,
   16,
   19,
   23,
   26,
   29,
   32,
   35,
   38,
   40,
   43,
   45,
   47,
   49,
   50,
   52,
   53,
   54,
   55,
   56,
   56,
   56,
   56,
   56,
   56,
   55,
   54,
   53,
   52,
   50,
   49,
   47,
   45,
   43,
   40,
   38,
   35,
   32,
   29,
   26,
   23,
   19,
   16,
   12,
   8,
   4,
   0,
   4,
   8,
   12,
   16,
   20,
   25,
   29,
   33,
   [0]=29,
},
-- Table: {126}
{
   27,
   23,
   18,
   14,
   10,
   6,
   2,
   2,
   6,
   10,
   13,
   17,
   20,
   24,
   27,
   30,
   33,
   35,
   38,
   40,
   42,
   45,
   46,
   48,
   49,
   51,
   52,
   53,
   53,
   54,
   54,
   54,
   54,
   53,
   53,
   52,
   51,
   49,
   48,
   46,
   45,
   42,
   40,
   38,
   35,
   33,
   30,
   27,
   24,
   20,
   17,
   13,
   10,
   6,
   2,
   2,
   6,
   10,
   14,
   18,
   23,
   27,
   31,
   35,
   [0]=31,
},
-- Table: {127}
{
   29,
   25,
   21,
   17,
   12,
   8,
   4,
   0,
   3,
   7,
   11,
   14,
   18,
   21,
   24,
   27,
   30,
   33,
   36,
   38,
   40,
   42,
   44,
   46,
   47,
   48,
   49,
   50,
   51,
   51,
   52,
   52,
   51,
   51,
   50,
   49,
   48,
   47,
   46,
   44,
   42,
   40,
   38,
   36,
   33,
   30,
   27,
   24,
   21,
   18,
   14,
   11,
   7,
   3,
   0,
   4,
   8,
   12,
   17,
   21,
   25,
   29,
   33,
   38,
   [0]=33,
},
-- Table: {128}
{
   31,
   27,
   23,
   19,
   15,
   11,
   7,
   3,
   1,
   5,
   9,
   12,
   16,
   19,
   22,
   25,
   28,
   31,
   33,
   36,
   38,
   40,
   42,
   43,
   45,
   46,
   47,
   48,
   49,
   49,
   49,
   49,
   49,
   49,
   48,
   47,
   46,
   45,
   43,
   42,
   40,
   38,
   36,
   33,
   31,
   28,
   25,
   22,
   19,
   16,
   12,
   9,
   5,
   1,
   3,
   7,
   11,
   15,
   19,
   23,
   27,
   31,
   36,
   40,
   [0]=36,
},
-- Table: {129}
{
   34,
   29,
   25,
   21,
   17,
   13,
   9,
   5,
   1,
   3,
   6,
   10,
   13,
   17,
   20,
   23,
   26,
   29,
   31,
   33,
   36,
   38,
   40,
   41,
   43,
   44,
   45,
   46,
   46,
   47,
   47,
   47,
   47,
   46,
   46,
   45,
   44,
   43,
   41,
   40,
   38,
   36,
   33,
   31,
   29,
   26,
   23,
   20,
   17,
   13,
   10,
   6,
   3,
   1,
   5,
   9,
   13,
   17,
   21,
   25,
   29,
   34,
   38,
   42,
   [0]=38,
},
-- Table: {130}
{
   27,
   23,
   18,
   14,
   10,
   6,
   2,
   2,
   6,
   10,
   13,
   17,
   20,
   24,
   27,
   30,
   33,
   35,
   38,
   40,
   42,
   45,
   46,
   48,
   49,
   51,
   52,
   53,
   53,
   54,
   54,
   54,
   54,
   53,
   53,
   52,
   51,
   49,
   48,
   46,
   45,
   42,
   40,
   38,
   35,
   33,
   30,
   27,
   24,
   20,
   17,
   13,
   10,
   6,
   2,
   2,
   6,
   10,
   14,
   18,
   23,
   27,
   31,
   35,
   [0]=31,
},
}